0
24
59
81
86
120
140
169
201
214
222
233
254
263
273
302
338
359
373
420
478
486
498
510
533
547
560
576
633
651
743
807
814
822
835
842
866
888
917
927
939
954
972
985
1018
1029
1083
1133
1177
1195
1297
1313
1322
1333
1350
1368
1381
1395
1406
1417
1474
1494
1512
1539
1567
1633
1637
1659
1686
1715
1731
1765
1794
1802
1812
1820
1825
1898
1915
1925
1942
1962
1976
1983
2018
2039
2082
2120
2165
2178
2193
2245
2264
2296
2312
2326
2354
2383
2424
2428
2440
2462
2479
2525
2540
2555
2566
2577
2586
2626
2662
2671
2695
2719
2745
2749
2818
2832
2859
2912
2951
3050
3056
3095
3115
3134
3142
3148
3173
3182
3208
3276
3297
